"id" "income" "expenditure" "house.ten" "sex.hh" "lab.force" "hh.size" "hh.adults"
"1" 1676 708.651977539063 758.516906738281 1 1 4 5 2
"2" 9729 888.470764160156 541.501586914063 3 1 1 5 2
"3" 10716 253.662002563477 158.185668945313 1 2 2 1 1
"4" 566 1133.18005371094 935.548522949219 3 1 1 4 2
"5" 3555 700.77001953125 575.89794921875 3 1 1 4 2
"6" 8841 499.130004882813 348.890563964844 2 1 1 2 2
"7" 6804 617.090026855469 452.878021240234 2 2 1 3 2
"8" 2740 612.219970703125 329.604187011719 3 2 1 1 1
"9" 11793 165.13200378418 100.099998474121 3 1 4 1 1
"10" 6146 619.841491699219 232.484939575195 3 1 4 2 2
"11" 3435 973.700012207031 425.931121826172 2 1 1 5 2
"12" 5158 1123.94995117188 915.264770507813 3 1 1 2 2
"13" 3048 41.5519981384277 981.989807128906 3 1 4 2 2
"14" 12696 138.604995727539 90.9716644287109 3 2 2 1 1
"15" 7656 634.369995117188 539.744140625 3 1 1 2 2
"16" 3808 819.52001953125 381.086059570313 2 1 1 3 3
"17" 10168 393.209991455078 362.990905761719 3 2 1 1 1
"18" 9828 1117.32495117188 599.293640136719 3 1 1 3 2
"19" 11685 932.179992675781 364.071228027344 3 1 1 4 3
"20" 1811 692.099975585938 308.665802001953 2 1 1 2 2
"21" 13801 235.389999389648 211.850006103516 3 1 4 1 1
"22" 2662 914.179992675781 566.403015136719 2 1 1 2 2
"23" 5772 573.572509765625 589.078430175781 3 1 2 2 2
"24" 2447 791.97998046875 648.798156738281 1 1 1 5 2
"25" 548 676.940002441406 481.456390380859 2 1 1 3 2
"26" 8493 563.02001953125 516.696228027344 2 1 1 2 2
"27" 2134 316.5 255.218475341797 1 2 2 2 1
"28" 3714 191.020004272461 169.240005493164 1 2 4 1 1
"29" 11474 184.469497680664 260.143157958984 3 2 4 1 1
"30" 6275 223.352005004883 113.229103088379 3 2 4 1 1
"31" 13237 883.510009765625 711.407165527344 3 1 1 3 2
"32" 14521 379.174011230469 291.744934082031 3 1 4 2 2
"33" 6059 536.75 848.245971679688 3 2 3 4 2
"34" 6524 990.532470703125 485.678253173828 3 2 1 2 2
"35" 9671 602.969970703125 260.854339599609 1 1 1 5 2
"36" 11893 1070.61999511719 870.89501953125 2 2 1 2 2
"37" 4494 203.850006103516 65.7662887573242 1 1 4 1 1
"38" 1615 634.443969726563 363.108581542969 3 1 4 2 2
"39" 5274 830.132019042969 628.065673828125 1 1 1 1 1
"40" 3358 304.670013427734 455.867034912109 3 2 4 1 1
"41" 2625 60 61.7249984741211 1 1 3 1 1
"42" 3162 922.390014648438 528.01953125 3 2 1 2 2
"43" 9886 304.657501220703 111.781814575195 1 1 4 2 2
"44" 10517 150.770004272461 333.514343261719 1 2 4 1 1
"45" 2487 1032.43005371094 720.931274414063 3 1 1 4 2
"46" 8911 1103.06701660156 553.901672363281 3 1 1 2 2
"47" 9243 461.463989257813 421.819030761719 3 1 4 2 2
"48" 9588 157.766998291016 118.374687194824 3 2 4 1 1
"49" 14335 830.434997558594 623.085144042969 2 1 1 2 2
"50" 10913 868.529052734375 545.567565917969 3 1 1 3 2
"51" 1921 749.794006347656 790.1220703125 3 1 4 2 2
"52" 12066 914.130004882813 558.492248535156 2 2 1 3 3
"53" 3608 838.830017089844 645.445068359375 2 1 1 3 2
"54" 7557 213.986999511719 229.904434204102 3 2 4 1 1
"55" 2195 699.184020996094 190.460006713867 3 2 4 2 2
"56" 4203 559.590026855469 462.710845947266 1 1 1 3 2
"57" 12508 761.650024414063 449.725006103516 3 1 1 3 3
"58" 6609 286 332.636749267578 2 1 1 1 1
"59" 7719 547.510009765625 541.225036621094 1 1 1 3 2
"60" 11811 908.502502441406 534.006713867188 3 1 1 3 2
"61" 4154 424.420013427734 362.220184326172 1 1 2 4 4
"62" 14007 107.169998168945 92.7628707885742 1 2 4 1 1
"63" 3358 353.100006103516 307.424438476563 2 2 1 1 1
"64" 8140 472.641998291016 327.883880615234 3 2 4 1 1
"65" 107 361.609497070313 89.7395782470703 3 1 4 1 1
"66" 408 533.797485351563 192.244735717773 3 1 4 1 1
"67" 1821 345.489990234375 705.845825195313 2 1 1 3 2
"68" 9692 207.779998779297 191.323608398438 1 2 4 2 1
"69" 959 485.783996582031 575.477783203125 3 1 4 2 2
"70" 4099 234.811996459961 166.855880737305 3 1 4 1 1
"71" 10464 641.609985351563 649.869018554688 3 1 1 4 2
"72" 7720 321.779998779297 360.867919921875 3 1 4 2 2
"73" 2548 216.570007324219 207.504959106445 1 2 3 3 1
"74" 3499 330.350006103516 238.904998779297 1 1 4 2 2
"75" 2382 603.111999511719 431.260009765625 3 1 4 1 1
"76" 5837 643.14501953125 367.307250976563 3 1 4 2 2
"77" 5490 1130.55004882813 559.506103515625 2 1 1 5 2
"78" 7599 609.739013671875 181.029342651367 3 1 4 2 2
"79" 7917 603.840026855469 344.084533691406 2 1 1 2 2
"80" 5792 877.570007324219 773.882019042969 3 1 1 3 2
"81" 6848 1163.23498535156 964.185302734375 3 2 1 2 2
"82" 11978 987.025024414063 765.710510253906 3 1 1 2 2
"83" 12358 248.520004272461 199.871658325195 2 1 4 1 1
"84" 12982 437.970001220703 221.25520324707 1 2 4 4 1
"85" 7485 1178.77502441406 829.511840820313 2 2 1 2 2
"86" 8808 397.397430419922 471.525817871094 3 2 1 2 2
"87" 11172 316.544006347656 245.240005493164 1 1 4 2 2
"88" 13646 574.492004394531 556.743835449219 2 1 1 4 2
"89" 8033 501.350006103516 377.119995117188 1 1 1 3 2
"90" 10071 746.684509277344 596.694519042969 3 1 4 3 3
"91" 8141 437.5 306.031951904297 1 2 4 2 2
"92" 4562 62.2299995422363 161.55534362793 1 2 4 1 1
"93" 5524 596.909973144531 253.690292358398 3 1 2 1 1
"94" 5480 59.5299987792969 131.643264770508 2 2 2 1 1
"95" 12520 257.824005126953 171.249755859375 3 1 4 2 2
"96" 8686 270.761993408203 287.835021972656 1 1 4 1 1
"97" 7139 266.232513427734 390.049987792969 3 1 1 2 2
"98" 6806 489.991546630859 285.221618652344 3 1 1 3 2
"99" 11844 576.717529296875 753.229370117188 3 1 1 4 2
"100" 2247 805.582336425781 811.600891113281 3 1 1 4 2
"101" 3476 749.630004882813 1027.08166503906 3 1 1 4 2
"102" 10871 258.839996337891 71.3850021362305 1 1 4 2 2
"103" 616 471.260009765625 264.9169921875 3 2 1 2 2
"104" 4320 552.549987792969 440.294616699219 1 1 1 5 3
"105" 12544 299.283996582031 170.478225708008 3 2 4 2 2
"106" 6924 228.554992675781 150.100357055664 3 2 4 1 1
"107" 8601 348.279998779297 382.089904785156 3 1 1 1 1
"108" 6311 369.493988037109 217.26985168457 3 1 4 2 2
"109" 1763 634.484497070313 562.232666015625 3 1 4 2 2
"110" 2704 706.799987792969 326.107971191406 1 1 1 4 2
"111" 11642 1138.47497558594 682.449951171875 3 1 1 4 2
"112" 14338 604.400024414063 362.404907226563 3 1 2 2 2
"113" 7194 316.599487304688 250.84391784668 1 2 4 1 1
"114" 13955 211.580001831055 385.463073730469 3 2 4 1 1
"115" 156 898.150024414063 285.174957275391 3 1 1 2 2
"116" 4426 740.919982910156 427.635009765625 1 2 4 5 2
"117" 5334 550.400024414063 748.3408203125 3 1 1 4 2
"118" 4339 275 214.832809448242 3 1 1 1 1
"119" 4776 700.190002441406 396.081176757813 3 1 1 3 2
"120" 6048 259.880004882813 182.579193115234 3 2 1 1 1
"121" 12840 54.5 98.8019790649414 1 2 3 1 1
"122" 4241 543.573852539063 478.528656005859 3 2 1 2 2
"123" 9076 339.329986572266 135.570007324219 2 1 1 1 1
"124" 2304 1051.0400390625 752.082763671875 3 1 1 2 2
"125" 2456 1065.45251464844 554.699584960938 3 1 1 2 2
"126" 2347 737.315002441406 569.849731445313 2 1 1 1 1
"127" 722 953.559997558594 434.9462890625 3 2 1 1 1
"128" 695 462.432006835938 106.794662475586 3 1 4 1 1
"129" 13879 658.823974609375 374.955047607422 3 1 4 2 2
"130" 10481 301.809997558594 257.902526855469 2 1 4 1 1
"131" 8411 222.479507446289 113.314033508301 3 2 4 1 1
"132" 5118 985.77001953125 754.323486328125 3 1 1 4 2
"133" 4717 830.184020996094 471.254669189453 3 1 4 2 2
"134" 8074 826.469970703125 427.220794677734 1 1 1 3 2
"135" 11788 347.217437744141 474.709991455078 3 2 2 1 1
"136" 113 269.239990234375 247.290618896484 3 2 2 2 2
"137" 8864 1119.69750976563 415.383880615234 3 1 1 2 2
"138" 12038 767.059997558594 613.7685546875 3 1 1 4 2
"139" 12810 1003.19488525391 680.603759765625 3 1 1 2 2
"140" 13297 613.52001953125 459.028167724609 3 1 1 4 2
"141" 2309 861.991516113281 478.29638671875 3 1 4 2 2
"142" 612 509.119995117188 565.46044921875 3 2 1 1 1
"143" 5433 835.260009765625 229.535202026367 3 1 1 1 1
"144" 10927 336.521514892578 216.057464599609 3 1 4 2 2
"145" 10028 751.419982910156 498.336547851563 3 2 4 2 2
"146" 5269 1084.38195800781 1023.87017822266 3 1 1 4 4
"147" 11701 1117.18994140625 541.285400390625 3 2 1 4 2
"148" 9632 346.420013427734 510.903137207031 2 1 1 1 1
"149" 1113 800.530029296875 900.490539550781 3 2 2 1 1
"150" 13369 802.75 435.892608642578 2 1 1 2 2
"151" 6533 589.343994140625 489.467895507813 3 1 4 2 2
"152" 10444 947.022521972656 886.980102539063 3 2 2 2 2
"153" 13650 310.411987304688 484.167816162109 3 2 4 1 1
"154" 5816 392.890014648438 459.186981201172 3 2 1 2 2
"155" 674 704.5 373.385009765625 3 1 4 3 3
"156" 7357 87.6999969482422 56.154972076416 1 1 3 1 1
"157" 6587 845.700012207031 541.777954101563 2 2 1 1 1
"158" 11399 260.772003173828 88.7217559814453 3 2 4 1 1
"159" 11984 153.997177124023 285.80615234375 2 2 2 2 2
"160" 12342 1161.2099609375 1029.57067871094 3 2 1 4 2
"161" 6107 305.279998779297 417.25146484375 3 2 2 2 2
"162" 10075 348.079986572266 185.827438354492 1 1 2 1 1
"163" 10886 619.909973144531 437.895385742188 2 1 1 1 1
"164" 10835 225.272003173828 149.285003662109 1 2 4 1 1
"165" 2191 596.059997558594 342.411895751953 3 1 1 2 2
"166" 12716 983.390014648438 709.337158203125 2 1 1 1 1
"167" 10612 305.872009277344 156.470001220703 2 1 4 1 1
"168" 14631 610.789978027344 275.242980957031 3 1 1 4 2
"169" 7704 721.119995117188 389.849212646484 3 1 1 3 2
"170" 13473 418.399993896484 445.6826171875 2 2 4 4 2
"171" 2480 399.079986572266 186.244995117188 1 1 1 4 3
"172" 9192 380.962493896484 1078.49621582031 3 1 4 2 2
"173" 670 71 149.846832275391 2 1 3 1 1
"174" 5659 184.671997070313 154.050003051758 1 2 4 1 1
"175" 672 358 69.1600036621094 1 1 3 1 1
"176" 4450 1168.09997558594 549.247802734375 2 1 1 3 2
"177" 1335 840.630004882813 425.898590087891 3 1 1 3 3
"178" 8262 935.703979492188 470.977203369141 3 1 2 2 2
"179" 4256 782.871520996094 755.763732910156 3 1 1 5 2
"180" 10079 236.830001831055 1097.20141601563 3 2 4 1 1
"181" 5697 955.265014648438 483.270843505859 3 1 2 2 2
"182" 14981 398.799987792969 370.405578613281 3 1 1 1 1
"183" 868 148.751998901367 172.414993286133 3 2 4 1 1
"184" 14544 571.077026367188 854.599426269531 3 1 4 2 2
"185" 3387 102.970001220703 97.1780471801758 1 2 4 1 1
"186" 14637 174.690002441406 166.039993286133 1 2 4 1 1
"187" 4862 724.669982910156 429.709686279297 3 2 1 2 2
"188" 14810 161.960006713867 124.639999389648 1 2 4 1 1
"189" 9435 616.5 485.218719482422 2 1 2 2 2
"190" 1349 913.72998046875 520.873107910156 3 2 2 3 2
"191" 6038 203.875 81.2456970214844 3 2 4 1 1
"192" 9632 460.149993896484 328.373901367188 3 1 1 3 2
"193" 11815 346.565002441406 780.106018066406 3 2 4 1 1
"194" 2900 381.891998291016 414.503173828125 3 1 4 2 2
"195" 7789 458.179992675781 355.039428710938 1 2 2 5 1
"196" 10483 153.606994628906 200.770004272461 3 2 4 1 1
"197" 2317 53.2700004577637 47.7333221435547 1 2 4 1 1
"198" 14362 283.641998291016 335.346435546875 3 2 4 2 2
"199" 3375 231.361999511719 200.119995117188 3 2 4 1 1
"200" 6624 60.875 351.200988769531 3 2 4 1 1
"201" 9986 344.493988037109 259.497100830078 3 1 4 2 2
"202" 10383 895.830017089844 527.617980957031 2 1 1 4 4
"203" 7997 690.099975585938 332.393493652344 1 2 2 5 2
"204" 2338 456.929992675781 312.044860839844 3 1 1 2 2
"205" 12811 349.622009277344 188.271255493164 3 2 4 1 1
"206" 12083 473.066497802734 555.760620117188 3 1 2 2 2
"207" 950 681.52001953125 206.582748413086 3 1 4 2 2
"208" 4866 704.77001953125 702.514099121094 2 2 1 3 2
"209" 5309 401.809997558594 373.398406982422 2 2 1 2 1
"210" 8063 219.869995117188 239.947158813477 1 2 1 2 1
"211" 10387 148.582000732422 148.054992675781 1 2 4 1 1
"212" 13044 152.007507324219 499.580963134766 3 1 4 2 2
"213" 4123 592.799987792969 377.994293212891 2 2 2 2 2
"214" 13137 400.076995849609 451.881866455078 2 2 4 1 1
"215" 12241 150.281997680664 98.5550003051758 1 2 4 1 1
"216" 5799 612.004028320313 404.586181640625 3 1 4 2 2
"217" 12765 405.940002441406 423.305816650391 3 1 1 4 2
"218" 3828 637.059997558594 657.769653320313 3 1 1 2 2
"219" 4340 525.982482910156 825.814819335938 3 1 4 2 2
"220" 5752 346.902008056641 483.647216796875 3 1 2 1 1
"221" 9876 1061.69995117188 481.804992675781 3 1 1 4 2
"222" 11049 458.131988525391 502.274932861328 3 1 1 2 2
"223" 13088 680.861999511719 526.171447753906 3 1 1 2 2
"224" 14904 604.919982910156 485.916137695313 3 1 1 3 2
"225" 1160 242.259994506836 352.253356933594 3 1 1 2 2
"226" 11980 476.040008544922 318.828430175781 1 2 1 2 2
"227" 4740 573.193969726563 442.351165771484 3 1 4 5 4
"228" 8110 837.609985351563 631.120178222656 3 2 1 3 2
"229" 14904 348.179992675781 197.125106811523 3 2 1 1 1
"230" 7388 319.640014648438 204.830520629883 1 1 1 1 1
"231" 350 621.869018554688 777.945007324219 3 1 4 5 4
"232" 5132 278.044006347656 188.134628295898 1 1 4 2 2
"233" 6577 586.169982910156 358.746795654297 3 2 1 5 3
"234" 10389 563.489990234375 569.08544921875 3 1 1 2 2
"235" 4089 72 62.6949996948242 1 1 4 1 1
"236" 11809 317.641998291016 298.734985351563 1 2 4 2 2
"237" 1552 325.935882568359 243.599639892578 1 2 1 2 2
"238" 6820 827.090026855469 511.123596191406 2 2 1 2 2
"239" 2538 130.921997070313 78.6050033569336 3 2 4 1 1
"240" 2113 459.290008544922 271.460632324219 3 2 4 1 1
"241" 9770 454.0419921875 311.901397705078 3 2 4 1 1
"242" 2079 727.307495117188 950.101318359375 3 2 1 2 2
"243" 7386 170.399993896484 288.286895751953 1 2 4 2 1
"244" 9980 237.100006103516 315.365783691406 2 1 1 5 3
"245" 11144 450.969512939453 261.091552734375 3 2 4 1 1
"246" 3670 1160.55004882813 576.566223144531 3 1 1 3 2
"247" 11287 458.641998291016 492.07470703125 3 2 4 5 3
"248" 6780 488.690002441406 859.132385253906 3 1 1 3 2
"249" 2933 521.176513671875 211.764205932617 3 1 4 2 2
"250" 9943 210.641998291016 166.548706054688 1 2 4 1 1
"251" 4181 240.992004394531 127.959632873535 3 2 4 1 1
"252" 6279 261.734008789063 330.529998779297 1 1 4 2 2
"253" 3930 435 366.289825439453 2 1 2 2 2
"254" 13539 468.126861572266 358.829345703125 3 2 1 2 1
"255" 5579 1119.39245605469 537.623474121094 3 1 2 2 2
"256" 7359 185.962005615234 106.35107421875 2 2 4 1 1
"257" 9250 417.799987792969 216.325805664063 1 2 1 1 1
"258" 6635 551.164001464844 175.147399902344 3 1 4 2 2
"259" 2248 473.217193603516 263.249664306641 3 2 1 1 1
"260" 14612 433.239990234375 324.734161376953 2 2 1 1 1
"261" 5053 390.505004882813 393.848785400391 2 2 2 2 1
"262" 14659 587.679992675781 581.851013183594 3 2 2 2 2
"263" 12887 710.597412109375 384.3251953125 3 1 1 1 1
"264" 555 403.230010986328 660.850952148438 2 1 1 2 2
"265" 5731 918.280029296875 879.125 2 1 1 3 2
"266" 2908 898.039978027344 436.256256103516 3 2 1 3 2
"267" 11407 632.503601074219 416.743408203125 3 1 1 3 2
"268" 391 497.570007324219 386.428985595703 1 2 1 4 2
"269" 3561 615.440002441406 433.191192626953 2 2 1 3 3
"270" 13240 46.9425010681152 149.618286132813 3 1 4 1 1
"271" 3044 610.859985351563 557.2861328125 3 1 1 4 2
"272" 179 391.380004882813 535.0771484375 2 1 1 5 2
"273" 12759 449.789001464844 576.497314453125 3 2 2 2 2
"274" 992 401.429992675781 186.5693359375 1 1 4 2 2
"275" 262 287.514007568359 356.544311523438 3 1 4 4 2
"276" 232 390.37451171875 616.316833496094 3 2 4 1 1
"277" 9657 437.130004882813 377.076049804688 3 1 1 2 2
"278" 6486 289.149993896484 191.554977416992 3 1 4 2 2
"279" 1877 402.264007568359 275.536285400391 3 1 4 2 2
"280" 10312 448.489990234375 609.083923339844 1 1 1 4 2
"281" 2541 272.119995117188 394.143859863281 2 2 4 3 2
"282" 8730 1089.42004394531 667.014831542969 2 1 1 2 2
"283" 2189 322.320007324219 201.648086547852 3 2 1 1 1
"284" 11017 863.739990234375 794.260131835938 3 2 1 3 2
"285" 2080 180.184494018555 160.667877197266 1 2 4 1 1
"286" 9744 966.875 627.2451171875 3 1 1 2 2
"287" 2177 997.77001953125 249.80793762207 3 1 1 2 2
"288" 4259 536.530029296875 480.578582763672 3 1 1 5 2
"289" 11463 590.200012207031 421.361083984375 2 1 1 5 2
"290" 525 645.799987792969 343.836120605469 3 1 1 2 2
"291" 1880 323.773986816406 317.69873046875 2 1 4 2 2
"292" 7056 251.792007446289 249.730056762695 3 1 4 2 2
"293" 14532 815.315002441406 447.006530761719 3 1 1 4 2
"294" 6108 658.859985351563 407.700347900391 3 1 1 4 3
"295" 6799 150.481994628906 64.0500030517578 1 1 4 1 1
"296" 2478 23.0699996948242 134.792739868164 3 1 3 1 1
"297" 6587 714.174011230469 648.269714355469 3 1 4 2 2
"298" 12345 496.160003662109 265.137908935547 3 1 4 1 1
"299" 8624 151.361999511719 112.474998474121 2 2 4 1 1
"300" 13073 722.526489257813 397.769134521484 3 1 4 2 2
"301" 4809 637.599975585938 778.298645019531 3 2 4 2 2
"302" 3008 580.64697265625 183.613021850586 3 1 4 1 1
"303" 11900 220 474.665893554688 2 1 1 2 2
"304" 4761 402.614990234375 241.879776000977 3 1 4 2 2
"305" 3837 1012.77001953125 616.775207519531 1 2 1 2 2
"306" 14005 878.640014648438 577.399719238281 3 2 4 3 3
"307" 2612 453.903991699219 418.525604248047 3 1 4 2 2
"308" 1332 620.469970703125 641.244750976563 2 1 4 4 4
"309" 4635 216.839996337891 210.039993286133 2 2 4 2 1
"310" 3521 197.024993896484 133.125 1 2 4 3 1
"311" 3268 609.949523925781 867.34130859375 3 2 4 1 1
"312" 13213 269.410003662109 172.604248046875 1 2 4 1 1
"313" 15 612.27197265625 282.60986328125 3 1 4 2 2
"314" 7279 373.279998779297 338.374572753906 3 2 2 2 2
"315" 7033 383.079986572266 400.295318603516 2 1 1 4 2
"316" 7381 819.059997558594 447.484558105469 3 2 1 4 2
"317" 6614 427.730010986328 382.137939453125 1 1 2 5 2
"318" 10885 344.640014648438 210.460235595703 3 2 1 1 1
"319" 2715 312.079986572266 185.009994506836 1 2 3 4 1
"320" 1979 768.909973144531 559.23681640625 3 1 1 4 2
"321" 10640 154.149993896484 173.377624511719 3 2 4 1 1
"322" 12925 325.329986572266 403.1484375 3 2 4 2 2
"323" 9714 124.699996948242 114.308181762695 1 2 4 1 1
"324" 9869 629.940002441406 342.953521728516 3 2 1 1 1
"325" 11711 877.419982910156 536.337463378906 3 1 4 2 2
"326" 14446 662.151977539063 562.150024414063 3 2 4 1 1
"327" 285 324.420013427734 289.362915039063 3 1 4 2 2
"328" 10152 737.309997558594 461.750274658203 3 1 1 4 2
"329" 13110 701.320007324219 671.230163574219 3 1 1 2 2
"330" 6937 432.179992675781 419.679779052734 3 1 1 4 2
"331" 2544 263.447509765625 406.393432617188 2 1 1 2 2
"332" 9522 197.119995117188 112.139999389648 3 2 4 1 1
"333" 10149 1084.36999511719 403.383087158203 3 1 4 2 2
"334" 216 223.899505615234 180.667358398438 1 2 4 1 1
"335" 822 941.390014648438 509.866119384766 3 1 1 4 2
"336" 7964 708.049987792969 473.792022705078 3 2 1 2 2
"337" 2637 975.080017089844 694.371337890625 3 1 4 1 1
"338" 14388 427.760009765625 393.988006591797 1 1 1 2 2
"339" 14149 467.299987792969 337.2841796875 2 1 1 2 2
"340" 3086 599.554016113281 198.849533081055 3 1 4 2 2
"341" 5258 333.910003662109 298.590026855469 3 2 2 3 1
"342" 629 263.404998779297 164.760299682617 2 2 1 3 1
"343" 3929 703.221984863281 378.18115234375 1 2 4 2 2
"344" 1121 279.533996582031 199.559951782227 3 1 4 2 2
"345" 12207 149.25 92.8899993896484 1 1 4 1 1
"346" 10662 401.069488525391 678.220642089844 3 2 4 1 1
"347" 823 335.611999511719 264.644134521484 3 2 4 1 1
"348" 13859 142.289993286133 137.804992675781 1 1 4 1 1
"349" 10678 773.391479492188 559.393127441406 3 1 4 3 3
"350" 5598 147.699996948242 148.054901123047 2 2 2 2 1
"351" 492 545.429992675781 187.748641967773 3 1 4 2 2
"352" 4590 717.337524414063 367.535583496094 3 1 1 1 1
"353" 7791 399.359985351563 252.184585571289 3 2 2 4 2
"354" 9199 700.400024414063 255.511840820313 2 1 1 4 2
"355" 6846 316.137512207031 536.371459960938 2 1 1 3 2
"356" 12560 93.75 56.5499992370605 1 1 4 1 1
"357" 2137 640.890014648438 427.907348632813 3 1 1 4 2
"358" 8924 387.294006347656 319.170501708984 1 1 4 2 2
"359" 7675 1132.57995605469 446.181732177734 3 1 1 2 2
"360" 7468 1006.79748535156 448.335235595703 3 1 1 2 2
"361" 7131 754.179992675781 804.401916503906 3 2 4 2 2
"362" 10217 172.630004882813 162.565002441406 1 2 4 2 1
"363" 12674 234.716995239258 508.205383300781 3 2 4 1 1
"364" 3250 438.117492675781 403.989990234375 3 1 1 2 2
"365" 3949 851.880004882813 600.262268066406 1 2 1 3 3
"366" 1618 161.850006103516 164.074996948242 3 2 4 1 1
"367" 4053 304.332000732422 195.095016479492 3 1 4 1 1
"368" 4897 657.799987792969 525.989562988281 3 1 1 2 2
"369" 6509 249.001998901367 225.753555297852 1 2 4 1 1
"370" 6231 79.0999984741211 71.870002746582 3 1 4 1 1
"371" 7396 278.200012207031 289.245697021484 2 2 2 2 1
"372" 2846 475.190002441406 586.926025390625 3 1 1 4 3
"373" 573 580.757019042969 922.972290039063 3 1 4 2 2
"374" 3716 611.440002441406 585.862731933594 2 1 1 1 1
"375" 7213 505.157501220703 396.64404296875 3 1 2 1 1
"376" 3824 233.682006835938 93.1100006103516 1 2 4 2 2
"377" 11655 194.457000732422 186.092742919922 3 2 4 1 1
"378" 2282 548.531982421875 333.867614746094 1 2 4 2 2
"379" 3160 428.527496337891 394.990600585938 3 2 2 3 2
"380" 7599 313.861999511719 393.303009033203 3 1 1 2 2
"381" 10357 334.100006103516 309.326568603516 3 2 2 1 1
"382" 13693 968.625915527344 766.143188476563 2 2 1 2 2
"383" 1600 1094.18005371094 524.140991210938 3 1 1 3 2
"384" 13013 309.200012207031 231.654525756836 1 1 4 2 2
"385" 9897 129 91.0201797485352 2 2 2 1 1
"386" 2544 590.364990234375 363.476409912109 1 1 1 5 2
"387" 7550 375.654998779297 234.88264465332 3 2 2 2 2
"388" 4254 874.080017089844 485.607177734375 3 1 1 4 3
"389" 7351 403.179992675781 307.106567382813 3 1 1 2 2
"390" 596 491.070007324219 407.548034667969 3 1 4 1 1
"391" 5971 567.070007324219 365.477935791016 3 2 1 2 2
"392" 7591 108.300003051758 110.230003356934 1 2 4 1 1
"393" 11032 152.276992797852 153.404998779297 3 2 4 1 1
"394" 13168 163.960006713867 203.079238891602 3 1 1 1 1
"395" 5726 874.690002441406 806.263427734375 3 1 1 3 1
"396" 2943 736.39501953125 542.102172851563 1 1 1 4 2
"397" 2321 148.90950012207 128.484252929688 1 2 4 1 1
"398" 11275 930.099975585938 562.734375 1 2 1 3 3
"399" 616 406 437.715454101563 3 1 1 1 1
"400" 14249 334.190002441406 242.507614135742 2 2 2 3 2
"401" 7315 207.699996948242 237.604995727539 3 2 4 2 2
"402" 12505 584.5 388.129425048828 3 2 1 1 1
"403" 2922 721.929992675781 552.193725585938 3 2 2 2 2
"404" 8586 558.510009765625 203.699645996094 3 2 1 1 1
"405" 1772 503.850006103516 156.107772827148 3 2 4 1 1
"406" 2743 71 156.90348815918 1 2 3 1 1
"407" 5876 326.920013427734 396.214996337891 2 2 4 1 1
"408" 3277 227.850006103516 140.207168579102 1 1 4 1 1
"409" 8125 441.864501953125 156.463790893555 3 1 4 1 1
"410" 13175 81.3000030517578 63.5227088928223 1 2 3 2 1
"411" 8540 531.052001953125 464.495849609375 3 1 4 2 2
"412" 11467 245.770004272461 317.662139892578 2 2 2 3 2
"413" 14663 1006.30523681641 705.847778320313 3 1 1 4 2
"414" 14167 415.820007324219 341.290008544922 2 1 1 1 1
"415" 806 591.789978027344 455.266326904297 3 1 1 3 2
"416" 7697 417 223.509185791016 1 1 1 1 1
"417" 2504 651.450012207031 269.95361328125 3 1 1 2 2
"418" 1586 332.709991455078 264.105712890625 3 2 2 1 1
"419" 11379 703.885009765625 491.871734619141 2 1 1 3 2
"420" 14591 484.119995117188 613.684509277344 3 2 2 4 3
"421" 5162 152.462005615234 334.791290283203 3 1 4 1 1
"422" 8841 132.880004882813 81.9294281005859 3 2 4 1 1
"423" 8567 140.190002441406 116.790000915527 2 1 3 1 1
"424" 9730 461.899993896484 476.614379882813 2 1 1 3 3
"425" 1670 809.597473144531 263.607299804688 3 2 4 2 2
"426" 4430 348.480010986328 240.908889770508 1 1 1 2 2
"427" 10425 810.081970214844 730.808654785156 3 1 4 2 2
"428" 7627 77.8199996948242 354.661773681641 2 2 3 1 1
"429" 14038 1030.61999511719 934.330261230469 2 1 4 5 4
"430" 14063 572.650024414063 745.414489746094 3 1 1 2 2
"431" 4108 662.632019042969 394.825012207031 3 2 4 2 2
"432" 13255 294 332.857757568359 2 1 2 4 2
"433" 12200 184.269500732422 260.81396484375 2 1 4 1 1
"434" 329 151.509994506836 160.440002441406 2 2 4 1 1
"435" 575 645.945007324219 192.781234741211 3 1 4 2 2
"436" 8961 597.685974121094 354.113861083984 2 1 1 3 3
"437" 7540 1178.60998535156 763.625122070313 3 1 1 2 2
"438" 14085 231.699996948242 848.359985351563 2 2 2 4 4
"439" 13967 762.179992675781 677.20849609375 3 1 1 3 2
"440" 8708 258.713989257813 283.719909667969 3 1 4 2 2
"441" 12559 905.219970703125 339.342224121094 3 2 4 1 1
"442" 5239 486.549987792969 708.349975585938 1 2 2 4 1
"443" 12467 297.911987304688 267.380065917969 1 1 4 2 2
"444" 7692 539.309997558594 499.638946533203 1 1 1 4 2
"445" 14527 384.243988037109 305.837677001953 3 1 4 2 2
"446" 12699 463.611999511719 380.341857910156 3 1 2 2 2
"447" 2386 671.559997558594 523.147399902344 3 1 1 1 1
"448" 12806 601.919982910156 415.493255615234 3 1 1 2 2
"449" 4619 571.809997558594 305.990417480469 3 2 1 1 1
"450" 10969 35.25 311.910003662109 3 1 4 1 1
"451" 13429 188.662002563477 171.791641235352 3 2 4 1 1
"452" 10992 496.920013427734 348.895050048828 3 2 1 2 1
"453" 5241 448.984985351563 602.645812988281 2 1 3 2 2
"454" 11093 730.465026855469 251.435501098633 3 1 1 1 1
"455" 8269 207.850006103516 449.079406738281 1 1 1 1 1
"456" 6323 606.02001953125 824.692626953125 3 1 2 2 2
"457" 4736 302.171508789063 125.045997619629 3 1 4 2 2
"458" 14205 642.664001464844 237.433349609375 3 1 1 2 2
"459" 8705 329.529998779297 199.178070068359 3 2 2 2 1
"460" 122 517.559997558594 343.526031494141 3 1 1 1 1
"461" 12465 592.047485351563 323.499084472656 3 1 4 2 2
"462" 8816 882.619995117188 567.080688476563 3 1 1 4 2
"463" 6477 607.580017089844 525.671447753906 3 1 1 1 1
"464" 14340 147.330001831055 53.1450004577637 1 1 4 1 1
"465" 12885 772.580017089844 254.470977783203 3 1 4 2 2
"466" 11157 261.010009765625 190.645462036133 1 1 2 1 1
"467" 9751 72.4720001220703 72.5950012207031 1 2 4 1 1
"468" 9792 232 124.345001220703 2 1 3 4 2
"469" 14833 148.042007446289 99.1699981689453 1 2 4 1 1
"470" 993 618.099975585938 284.097564697266 3 2 1 3 1
"471" 7754 219.610000610352 276.45166015625 3 2 2 3 2
"472" 1273 1031.81005859375 829.178161621094 3 1 1 5 2
"473" 3391 637.789978027344 633.748718261719 2 2 2 5 3
"474" 9058 495.4716796875 218.776657104492 2 2 1 2 2
"475" 936 71 164.755004882813 2 1 4 1 1
"476" 12937 910.929992675781 543.239196777344 1 2 1 2 2
"477" 1 1076.86999511719 700.004028320313 3 1 1 3 3
"478" 5772 252.451995849609 655.242370605469 3 2 4 2 2
"479" 8085 427.234008789063 639.397827148438 3 1 4 2 2
"480" 2433 705.099975585938 316.199981689453 3 2 2 2 2
"481" 5183 656.460021972656 800.497985839844 3 2 1 4 4
"482" 12344 651.814025878906 513.442138671875 3 1 4 2 2
"483" 11326 152.026992797852 72.1449966430664 1 2 4 1 1
"484" 12128 359.914001464844 311.924835205078 3 1 4 2 2
"485" 3652 249.300003051758 215.953277587891 2 2 1 2 1
"486" 2858 306.752014160156 130.728729248047 3 1 4 1 1
"487" 6620 596.440002441406 575.689086914063 2 1 1 2 2
"488" 12089 739.355895996094 719.346923828125 1 1 1 4 2
"489" 14262 495.720001220703 343.335662841797 2 1 1 2 2
"490" 7560 369.230010986328 124.446891784668 3 2 4 1 1
"491" 2850 26.9200000762939 379.089996337891 2 2 4 2 2
"492" 6826 785.182006835938 667.30126953125 3 1 4 2 2
"493" 3166 678.510009765625 238.93962097168 1 2 1 1 1
"494" 11815 785.650024414063 349.709197998047 3 1 1 1 1
"495" 6139 923.22998046875 719.489379882813 3 1 1 4 3
"496" 11847 390.343994140625 222.729934692383 3 1 4 2 2
"497" 2508 272.279998779297 689.365905761719 2 2 1 2 2
"498" 8552 286.701995849609 282.324188232422 3 2 4 1 1
"499" 449 1028.48999023438 433.093383789063 1 2 4 3 3
"500" 6865 474.044006347656 346.441558837891 3 1 4 2 2
"501" 2290 279.06201171875 120.73999786377 1 2 4 1 1
"502" 4995 494.410003662109 322.752288818359 3 1 1 2 2
"503" 4446 253.151992797852 144.164993286133 1 1 4 2 2
"504" 8087 663.239990234375 530.679077148438 3 2 1 2 1
"505" 5298 616.400024414063 589.060302734375 3 1 4 5 3
"506" 8661 843.77001953125 398.267181396484 3 1 4 5 4
"507" 1800 205.962005615234 64.9100036621094 3 2 4 1 1
"508" 13351 731.130004882813 822.053649902344 3 1 1 5 2
"509" 10759 629.72998046875 340.869995117188 2 1 1 3 2
"510" 10476 146.330001831055 293.670013427734 3 2 4 1 1
"511" 9383 935.580017089844 1021.99920654297 3 1 4 4 4
"512" 3378 358.170013427734 241.471969604492 3 1 4 2 2
"513" 6631 543.763977050781 547.037231445313 3 1 2 2 2
"514" 3084 213.229995727539 169.727645874023 3 2 4 2 2
"515" 8695 222.311996459961 97.0766296386719 3 1 4 1 1
"516" 7377 328.234008789063 232.719009399414 3 1 4 2 2
"517" 12222 720.044982910156 373.721313476563 3 2 1 1 1
"518" 411 605.401977539063 520.093139648438 3 1 4 1 1
"519" 13023 260.514007568359 269.557373046875 3 1 4 2 2
"520" 7310 373.875 113.491561889648 3 1 4 1 1
"521" 13478 150.811996459961 194.979995727539 3 2 4 1 1
"522" 10857 71 69.6284942626953 1 2 3 1 1
"523" 7542 222.751998901367 187.186614990234 3 1 4 1 1
"524" 11845 585.890014648438 603.629272460938 3 1 1 2 2
"525" 6037 178.151992797852 171.611251831055 3 2 4 2 2
"526" 380 1165.2900390625 609.890991210938 3 1 1 4 3
"527" 4901 245.429992675781 336.992279052734 2 1 1 1 1
"528" 2391 489.559997558594 305.844543457031 1 2 1 1 1
"529" 1483 168.600006103516 160.56999206543 1 2 4 1 1
"530" 7004 973.489990234375 507.754180908203 3 2 1 4 3
"531" 14412 72 172.990005493164 2 1 3 1 1
"532" 11465 419.609985351563 396.244995117188 2 1 1 4 2
"533" 5163 402.454010009766 264.871612548828 3 1 4 2 2
"534" 5333 627.625 338.929992675781 2 1 1 2 2
"535" 9879 379.484008789063 273.044128417969 3 1 4 2 2
"536" 424 72.5 161.039306640625 2 2 4 2 1
"537" 3011 428.890014648438 358.467254638672 3 1 1 3 1
"538" 13781 637.489990234375 427.295654296875 3 2 1 1 1
"539" 419 488 431.401062011719 1 1 1 2 2
"540" 3057 709.105895996094 345.937622070313 3 1 1 3 2
"541" 584 416.230010986328 404.179992675781 3 2 1 2 2
"542" 8006 188.289993286133 66.3478164672852 3 1 4 1 1
"543" 4191 724.481994628906 474.674835205078 1 1 1 2 2
"544" 6247 70 129.101119995117 2 2 4 1 1
"545" 11072 652.200012207031 471.095458984375 3 1 1 2 2
"546" 11657 859.273986816406 600.587341308594 3 1 1 4 4
"547" 2886 972.390014648438 501.792602539063 3 2 1 4 1
"548" 1475 477.204010009766 187.231475830078 3 1 4 2 2
"549" 4879 338.929992675781 300.705718994141 3 2 2 2 1
"550" 13678 220.699996948242 218.09602355957 2 1 3 1 1
"551" 5766 378.489990234375 346.278503417969 3 1 1 1 1
"552" 11225 358.149993896484 213.057006835938 1 2 1 3 2
"553" 12232 582.72998046875 727.238464355469 1 1 1 5 2
"554" 2361 941.02001953125 231.411422729492 3 1 1 2 2
"555" 14287 569.119995117188 369.724273681641 1 1 1 2 2
"556" 4230 184.529998779297 155.346878051758 2 2 4 1 1
"557" 6470 506.940002441406 225.631469726563 3 1 2 4 2
"558" 10170 338.010009765625 251.542022705078 2 1 1 1 1
"559" 9705 79 186.251174926758 1 1 4 1 1
"560" 5790 759.424865722656 283.791351318359 2 2 1 2 2
"561" 3610 150.770004272461 87.5849990844727 1 1 4 1 1
"562" 4449 435.156005859375 357.035003662109 1 2 4 4 4
"563" 4261 191.649993896484 321.402770996094 1 1 4 2 2
"564" 4947 489.579986572266 688.323181152344 3 2 4 1 1
"565" 10038 1008.96997070313 908.695556640625 1 1 1 4 3
"566" 6367 461.243988037109 355.588439941406 2 1 4 2 2
"567" 3284 198.47200012207 179.091430664063 3 2 4 1 1
"568" 1447 63.1199989318848 174.366470336914 1 2 4 1 1
"569" 9212 475.220001220703 207.849655151367 3 1 1 5 2
"570" 1985 372.5419921875 349.345001220703 1 1 4 3 3
"571" 13120 145.580001831055 256.144989013672 3 1 4 1 1
"572" 3736 549.859985351563 401.665954589844 3 2 4 5 2
"573" 5545 701.820007324219 466.729614257813 3 2 1 2 2
"574" 3107 672.950012207031 486.130157470703 3 2 1 2 1
"575" 6665 619.16748046875 417.271606445313 3 1 4 2 2
"576" 14035 231.649993896484 283.436614990234 2 2 4 2 2
"577" 11712 443.269989013672 425.651824951172 2 2 2 2 1
"578" 1384 573.849975585938 398.817657470703 3 1 4 2 2
"579" 6495 732.869018554688 494.234558105469 3 1 4 2 2
"580" 8830 303.839996337891 313.993103027344 2 2 4 1 1
"581" 319 349.884002685547 271.374572753906 1 1 4 2 2
"582" 3554 1052.46997070313 625.066833496094 3 1 1 3 3
"583" 3886 521.901977539063 489.589965820313 3 1 2 2 2
"584" 13218 279.839996337891 299.154998779297 2 1 4 2 2
"585" 7722 796.330017089844 1149.00830078125 3 2 1 1 1
"586" 11767 123.512001037598 269.230010986328 3 2 4 1 1
"587" 7317 84.9000015258789 81.5500030517578 1 1 4 1 1
"588" 10476 438.190002441406 375.006225585938 1 1 4 4 4
"589" 11535 682.710021972656 277.868011474609 2 1 1 1 1
"590" 13877 150.701995849609 61.564998626709 1 2 4 1 1
"591" 4793 1070.17004394531 318.517944335938 1 1 1 3 3
"592" 9110 244.889999389648 167.304992675781 1 1 4 2 2
"593" 2860 224.712005615234 210.087615966797 1 2 4 2 2
"594" 3807 837.725891113281 386.206420898438 3 1 1 2 2
"595" 13575 249.610000610352 127.509567260742 1 2 2 2 1
"596" 10765 174.212493896484 180.131851196289 3 1 4 1 1
"597" 14271 987.684997558594 727.132751464844 3 2 1 2 2
"598" 12899 806.070007324219 331.153839111328 3 1 4 2 2
"599" 2336 671.580017089844 603.299621582031 2 1 1 2 2
"600" 11276 275.480010986328 322.263000488281 2 2 1 1 1
"601" 10645 218.906997680664 218.199493408203 1 2 4 1 1
"602" 8489 97 134.610000610352 1 2 4 1 1
"603" 10760 372.154998779297 262.986907958984 1 2 4 2 2
"604" 5107 799.059997558594 240.290771484375 3 1 1 2 2
"605" 3571 130.292007446289 180.705001831055 1 2 4 1 1
"606" 8960 643 319.456359863281 3 1 1 2 2
"607" 5363 640.005004882813 453.538421630859 2 2 1 5 2
"608" 13558 1036.7099609375 360.196197509766 3 1 1 2 2
"609" 14389 883.161987304688 479.959991455078 2 1 1 4 3
"610" 4246 558.132019042969 318.138641357422 3 1 4 2 2
"611" 2191 1072.23999023438 754.265197753906 3 2 1 4 2
"612" 8986 574.409973144531 391.408111572266 3 1 1 3 2
"613" 6045 458.592010498047 297.431182861328 3 1 4 1 1
"614" 14526 474.790008544922 136.0546875 3 1 4 2 2
"615" 806 187.582000732422 112.956512451172 1 1 2 2 2
"616" 14960 819.467529296875 238.214645385742 3 1 1 1 1
"617" 4086 874.159973144531 343.937133789063 3 1 1 3 3
"618" 6064 771.469970703125 609.543151855469 3 2 1 2 1
"619" 13860 1037.17004394531 464.296020507813 3 1 1 3 2
"620" 3353 477.451995849609 547.472412109375 3 2 4 1 1
"621" 1957 1141.84997558594 417.059722900391 3 1 1 4 2
"622" 2776 553.27001953125 588.705444335938 3 1 1 5 2
"623" 14610 753.340026855469 331.601043701172 2 2 1 1 1
"624" 11765 1026.59204101563 748.301391601563 3 1 4 2 2
"625" 11710 784.731262207031 398.674896240234 1 2 1 3 3
"626" 7722 295.286987304688 87.2173690795898 3 1 4 1 1
"627" 12032 304.592010498047 173.480270385742 3 2 4 1 1
"628" 1849 682.539978027344 623.934509277344 1 1 4 2 2
"629" 7220 272.549987792969 315.890686035156 3 2 4 1 1
"630" 9094 1126.92004394531 443.825347900391 3 1 1 2 2
"631" 2432 281.239990234375 235.289993286133 2 2 4 4 1
"632" 4454 730.64306640625 681.530639648438 3 1 1 2 2
"633" 636 667.580017089844 453.092224121094 2 1 1 1 1
"634" 1064 255.962005615234 362.963439941406 3 2 4 2 2
"635" 3514 1024.81994628906 529.665344238281 3 1 1 3 2
"636" 12286 1001.083984375 521.065612792969 3 1 2 2 2
"637" 12669 151.042007446289 90.2157363891602 1 1 4 1 1
"638" 10913 857.299987792969 648.258483886719 3 1 1 3 2
"639" 684 934.012023925781 566.752380371094 3 2 1 2 2
"640" 2877 180 156.104995727539 1 2 4 1 1
"641" 1523 1136.96997070313 370.608184814453 3 1 2 2 2
"642" 4027 409.040008544922 483.476776123047 2 1 4 3 2
"643" 8434 214.009994506836 116.934684753418 1 2 4 2 2
"644" 694 113.400001525879 115.934692382813 1 2 4 1 1
"645" 10210 132.662002563477 467.516998291016 1 2 4 1 1
"646" 5506 766.280029296875 698.530883789063 3 1 1 5 3
"647" 10050 226.481994628906 187.354995727539 3 2 4 2 2
"648" 10562 584.534973144531 288.014434814453 2 1 1 2 2
"649" 14051 288.092010498047 287.055755615234 2 2 4 1 1
"650" 9348 633.8125 284.959991455078 3 1 1 3 2
"651" 11601 273.600006103516 207.636337280273 3 1 4 2 2
"652" 9896 115.379997253418 158.721939086914 3 2 4 1 1
"653" 5429 456.190002441406 395.923889160156 3 1 2 3 3
"654" 13248 769.72998046875 706.065124511719 3 2 4 2 2
"655" 7785 707.256408691406 551.480712890625 3 1 1 2 2
"656" 11949 846.442016601563 426.381561279297 1 1 4 3 3
"657" 8732 543.239990234375 803.169250488281 1 1 1 2 2
"658" 2131 1184.47204589844 833.957092285156 3 1 4 1 1
"659" 1085 695.831481933594 224.22932434082 3 2 4 2 2
"660" 9881 167.121994018555 34.0050010681152 3 2 4 1 1
"661" 6037 913.950012207031 237.598007202148 3 1 1 4 2
"662" 1321 784.14501953125 708.904357910156 3 2 1 2 2
"663" 12132 578.638977050781 458.337066650391 3 1 4 2 2
"664" 10543 1007.75 538.718811035156 2 1 1 3 2
"665" 7552 148.522003173828 133.089996337891 1 2 4 1 1
"666" 567 258.441986083984 131.12077331543 1 2 4 1 1
"667" 5568 103 148.856796264648 2 1 4 2 2
"668" 9049 485.760009765625 485.961822509766 3 1 1 3 3
"669" 14227 703.309997558594 555.856201171875 3 1 1 2 2
"670" 9716 729.820007324219 679.340026855469 2 2 2 3 3
"671" 1761 245.753997802734 161.133697509766 3 1 4 2 2
"672" 5242 146.742004394531 145.774993896484 3 2 4 1 1
"673" 3011 270.730010986328 294.137390136719 1 2 2 1 1
"674" 5522 41.7000007629395 305.364715576172 2 2 4 1 1
"675" 5037 938.974975585938 946.839111328125 3 2 4 2 2
"676" 942 284.139495849609 119.795486450195 3 1 4 1 1
"677" 14236 736.367492675781 811.504272460938 3 2 1 1 1
"678" 6567 598.174987792969 912.922485351563 3 1 2 2 2
"679" 346 609.049987792969 495.013946533203 3 1 4 5 2
"680" 12064 521.554992675781 456.213500976563 2 1 1 1 1
"681" 6093 471.510009765625 195.41259765625 3 1 1 2 2
"682" 10683 549.960021972656 585.313171386719 3 1 1 1 1
"683" 7878 138.610000610352 244.341583251953 1 2 4 3 1
"684" 3784 395.079986572266 435.806182861328 1 2 1 3 2
"685" 3388 771.224975585938 677.559692382813 3 1 1 5 2
"686" 2877 449.859985351563 494.538848876953 1 2 2 2 1
"687" 5995 459.894012451172 396.400299072266 3 1 4 2 2
"688" 4469 338.174987792969 301.885009765625 2 1 1 1 1
"689" 2333 542.070007324219 266.474792480469 1 2 1 2 2
"690" 4465 263.839996337891 307.350677490234 3 1 4 2 2
"691" 8796 408.429992675781 552.036926269531 3 2 1 4 1
"692" 6093 780.450012207031 850.074768066406 3 1 1 3 3
"693" 5144 219.802001953125 177.328414916992 3 2 4 1 1
"694" 10054 663.969970703125 425.905944824219 3 2 1 1 1
"695" 8804 183.020004272461 211.549224853516 1 1 4 1 1
"696" 7489 688.97998046875 379.182739257813 3 1 1 2 2
"697" 14686 1126.83752441406 554.081726074219 3 1 1 4 2
"698" 10617 618.590026855469 260.775207519531 1 1 1 4 2
"699" 276 982.52197265625 396.341033935547 3 1 1 2 2
"700" 940 319.290008544922 98.945556640625 3 2 1 1 1
"701" 4984 309.3125 1121.29833984375 3 2 4 2 2
"702" 4859 262.652008056641 196.425476074219 2 1 4 1 1
"703" 1771 846.52001953125 680.894165039063 3 1 1 2 2
"704" 7431 1160.57495117188 794.544128417969 3 1 1 3 3
"705" 198 593.169006347656 542.271606445313 3 2 4 2 2
"706" 12101 290.799987792969 218.725006103516 2 1 1 1 1
"707" 3783 568.852478027344 280.003448486328 1 1 1 1 1
"708" 13064 632.441528320313 447.103393554688 3 1 1 1 1
"709" 10122 776.52001953125 961.562255859375 2 1 1 4 2
"710" 1009 171.216995239258 251.668045043945 3 2 4 1 1
"711" 5464 377.683990478516 997.186706542969 3 1 4 2 2
"712" 7369 479.441986083984 263.069580078125 1 1 4 4 4
"713" 14241 427.920013427734 260.000640869141 1 2 1 1 1
"714" 5555 204.779998779297 143.021697998047 3 1 4 2 2
"715" 2639 259.332000732422 273.291961669922 3 1 1 2 2
"716" 11777 404.679992675781 277.166259765625 3 1 1 1 1
"717" 1205 442.329010009766 251.672958374023 3 1 4 3 3
"718" 12271 151 264.945007324219 1 2 4 2 1
"719" 2343 419.619995117188 341.336395263672 3 1 4 2 2
"720" 10766 178.839996337891 389.463775634766 3 2 2 2 2
"721" 12875 646.200012207031 312.252685546875 3 2 1 1 1
"722" 14353 456.510009765625 377.326324462891 1 2 1 3 1
"723" 8647 305.06201171875 391.875 1 2 4 2 2
"724" 9864 267.256988525391 196.526565551758 3 1 4 1 1
"725" 4425 145.962005615234 216.089996337891 1 2 4 1 1
"726" 10763 302.0419921875 409 1 2 4 2 2
"727" 2641 500.429992675781 275.189056396484 3 1 4 2 2
"728" 8522 875.244995117188 496.266357421875 2 2 2 1 1
"729" 5036 108.25 97.9260940551758 3 1 4 1 1
"730" 8973 539.369995117188 590.214050292969 3 2 4 1 1
"731" 7124 899.606994628906 659.601013183594 3 1 4 2 2
"732" 6825 503.459991455078 302.394317626953 3 2 1 4 2
"733" 2514 213.192001342773 267.019989013672 1 2 4 1 1
"734" 12776 951.989990234375 1068.26818847656 3 1 1 2 2
"735" 1777 915.921997070313 497.440155029297 3 1 2 2 2
"736" 14780 378.410003662109 250.723190307617 3 1 4 2 2
"737" 14220 824.633972167969 319.232177734375 3 1 1 2 2
"738" 11920 1039.58996582031 1079.19104003906 3 1 1 4 2
"739" 3850 324.772003173828 268.555847167969 1 2 4 2 2
"740" 7144 779.239990234375 424.833953857422 3 1 1 4 3
"741" 5625 1142.67004394531 938.357360839844 3 1 1 3 3
"742" 12065 297.003997802734 124.059997558594 1 2 4 2 2
"743" 13413 90.3000030517578 121.007713317871 1 1 3 2 1
"744" 12442 342.213989257813 166.094543457031 1 1 4 2 2
"745" 7232 474.625 499.637817382813 3 2 2 1 1
"746" 11270 102.38200378418 280.524993896484 3 1 4 1 1
"747" 5178 868.109985351563 509.027252197266 3 1 1 2 2
"748" 6134 448.070007324219 301.125030517578 2 2 1 2 1
"749" 14946 841.109985351563 593.810180664063 3 1 4 3 3
"750" 9522 1097.09997558594 498.599548339844 3 1 1 3 3
"751" 13142 865.469970703125 891.58642578125 3 1 1 4 3
"752" 11923 283.700012207031 261.145782470703 3 2 1 5 3
"753" 6754 525.72998046875 255.277526855469 3 1 2 1 1
"754" 733 213.04150390625 224.122894287109 3 1 4 2 2
"755" 9857 461.570007324219 317.703430175781 3 2 1 1 1
"756" 2362 398.679992675781 299.655944824219 2 1 1 1 1
"757" 2261 717.593994140625 508.087127685547 3 1 4 2 2
"758" 12166 736.580017089844 241.936904907227 3 1 1 2 2
"759" 852 905.130004882813 362.999359130859 3 2 2 3 2
"760" 6752 493.565002441406 381.545471191406 3 1 1 2 2
"761" 7003 231.179992675781 588.640258789063 2 2 1 1 1
"762" 10986 482.600006103516 320.965911865234 3 2 4 1 1
"763" 9981 474.247497558594 161.602493286133 3 2 2 2 2
"764" 3226 433.869995117188 889.47802734375 2 1 1 2 2
"765" 4734 619.489990234375 627.486450195313 2 2 1 4 2
"766" 3236 266.471984863281 195.649993896484 3 2 4 1 1
"767" 10482 317.821990966797 271.692443847656 3 2 4 1 1
"768" 14386 192.973999023438 179.335006713867 3 1 4 2 2
"769" 12038 303.122009277344 232.600128173828 3 2 4 2 1
"770" 10136 661.559997558594 392.642974853516 3 2 4 4 4
"771" 6158 463.777496337891 196.151809692383 3 1 1 1 1
"772" 9057 600 184.605911254883 2 1 1 2 2
"773" 9037 231.210006713867 344.583160400391 2 1 2 2 1
"774" 5326 749.309997558594 641.760131835938 3 1 1 3 2
"775" 14549 446.75 680.520935058594 1 2 2 3 3
"776" 10361 812.030029296875 491.212249755859 3 1 1 5 3
"777" 3512 360.779998779297 730.564208984375 2 2 1 4 1
"778" 2100 670.81201171875 301.226348876953 3 2 4 1 1
"779" 6717 246.699996948242 272.167022705078 1 2 2 4 3
"780" 5279 280.570007324219 319.845001220703 3 1 4 2 2
"781" 1142 227.311996459961 291.859985351563 3 1 4 2 2
"782" 5307 743.122497558594 958.195007324219 2 2 4 5 4
"783" 11158 225.281997680664 260.622467041016 3 2 4 1 1
"784" 6163 421.040008544922 344.675720214844 3 2 2 2 1
"785" 2882 901.719970703125 393.367980957031 3 2 1 2 2
"786" 426 442.970001220703 548.166564941406 3 1 1 3 2
"787" 10056 191.960006713867 137.001403808594 1 1 4 2 2
"788" 8769 577.161987304688 164.625381469727 3 2 4 2 2
"789" 9440 0 911.784973144531 2 1 4 1 1
"790" 5678 305.049987792969 117.145225524902 3 2 4 1 1
"791" 4457 126.860000610352 295.482757568359 2 2 2 2 2
"792" 13708 369.338989257813 403.857635498047 3 1 4 2 2
"793" 5836 1043.83996582031 668.473937988281 2 1 2 2 2
"794" 14435 782.10400390625 208.782196044922 3 1 1 2 2
"795" 13675 518.867492675781 485.795715332031 3 1 4 2 2
"796" 14785 540.609985351563 321.128479003906 3 1 1 4 2
"797" 8465 948.452514648438 343.592254638672 3 1 2 2 2
"798" 5374 309.565002441406 349.576416015625 2 1 1 2 2
"799" 11461 953.109985351563 757.427185058594 3 1 1 4 2
"800" 11399 638.5 403.308197021484 3 1 1 5 2
"801" 675 711.289978027344 731.104064941406 2 1 1 2 2
"802" 8816 352.141998291016 116.823066711426 3 2 4 1 1
"803" 7903 791.882019042969 674.485412597656 3 1 1 5 2
"804" 11718 158.520004272461 198.001861572266 3 2 4 1 1
"805" 12385 392.063995361328 237.404220581055 1 1 4 2 2
"806" 10437 806.109985351563 243.420318603516 3 1 4 4 4
"807" 3262 343.390014648438 137.511856079102 3 1 4 1 1
"808" 1497 228.979995727539 175.81623840332 2 2 2 1 1
"809" 10672 321.390014648438 212.656997680664 2 1 2 1 1
"810" 3807 362.894012451172 224.275787353516 3 2 4 2 2
"811" 8302 699.289978027344 446.757141113281 3 1 1 4 3
"812" 8102 545.700012207031 306.162231445313 3 2 1 1 1
"813" 818 235.701995849609 218.130004882813 1 2 4 2 2
"814" 1878 1104.43994140625 654.975158691406 3 1 4 5 3
"815" 4425 1170.72998046875 373.808349609375 2 2 1 3 2
"816" 2844 271.029998779297 325.464996337891 3 1 4 1 1
"817" 7883 619.088989257813 479.53466796875 3 1 4 2 2
"818" 9665 204.089996337891 277.759735107422 3 2 1 2 2
"819" 14878 467.511993408203 435.304992675781 2 1 4 1 1
"820" 10230 656.799987792969 371.468597412109 1 1 1 5 2
"821" 12761 428.237487792969 251.61701965332 3 2 1 1 1
"822" 13054 656.52001953125 465.484405517578 3 2 1 2 2
"823" 981 756.343994140625 351.863555908203 3 2 1 2 2
"824" 2157 321.971984863281 300.913391113281 3 2 4 1 1
"825" 11387 306.309509277344 273.436614990234 3 2 4 1 1
"826" 4029 445.429992675781 370.411651611328 3 2 1 2 2
"827" 201 626.361999511719 744.330139160156 3 1 4 2 2
"828" 3213 895.679992675781 664.229797363281 3 2 1 1 1
"829" 9202 893.669982910156 346.158905029297 3 1 1 4 2
"830" 13242 463.144500732422 589.457397460938 3 2 4 1 1
"831" 3481 525.2919921875 405.045776367188 3 2 4 1 1
"832" 3430 439.873992919922 438.333770751953 3 1 4 2 2
"833" 4271 523.315002441406 274.576385498047 3 2 2 1 1
"834" 286 543.693969726563 540.375 3 1 4 2 2
"835" 5703 838.283996582031 452.370056152344 3 1 4 2 2
"836" 5281 605.349975585938 262.387298583984 3 1 4 2 2
"837" 3288 212.300003051758 251.049652099609 3 1 1 3 2
"838" 8735 538.340026855469 622.531555175781 3 2 1 3 1
"839" 11310 184.210006713867 76.6149978637695 1 1 4 1 1
"840" 5608 68.1650009155273 274.663513183594 1 1 1 2 2
"841" 12251 224.309997558594 146.262664794922 3 2 3 2 1
"842" 12447 151.300003051758 93.7615661621094 2 2 4 2 1
"843" 11278 256.223999023438 469.433471679688 3 1 4 2 2
"844" 583 341.303985595703 242.435852050781 3 1 4 2 2
"845" 3858 1173.57995605469 445.867492675781 3 1 1 2 2
"846" 1586 534.390014648438 255.634994506836 3 2 1 1 1
"847" 3674 991.27001953125 684.332824707031 3 1 1 3 2
"848" 9394 178.169998168945 121.301513671875 1 1 4 1 1
"849" 14873 750.629516601563 1105.50170898438 3 1 1 2 2
"850" 4926 567.184509277344 528.861938476563 3 1 4 2 2
"851" 9338 1048.11999511719 389.794799804688 3 2 1 2 2
"852" 8292 345.029998779297 367.037261962891 3 2 1 1 1
"853" 2184 161.111999511719 348.751647949219 1 2 4 2 1
"854" 1099 358.391998291016 275.303741455078 3 2 4 1 1
"855" 8622 448.869995117188 187.853164672852 3 1 4 2 2
"856" 5896 580.72998046875 455.767791748047 3 2 2 5 2
"857" 14838 972.669982910156 520.630126953125 3 1 1 2 2
"858" 1516 149.492004394531 126.200386047363 1 2 4 1 1
"859" 14778 420.100006103516 348.715637207031 2 2 2 5 2
"860" 10092 682.719970703125 438.032012939453 3 1 2 4 3
"861" 5506 605.326477050781 761.400756835938 3 1 4 2 2
"862" 1093 304.630004882813 271.507965087891 3 2 3 1 1
"863" 11588 223.714004516602 376.699035644531 3 1 1 2 2
"864" 5954 1107.17749023438 1013.08337402344 3 1 4 3 3
"865" 12722 400.321990966797 466.570129394531 3 1 4 1 1
"866" 10885 666.97998046875 494.365905761719 3 1 1 4 2
"867" 14506 497 395.651336669922 2 1 1 1 1
"868" 5150 638.580017089844 209.111129760742 3 1 1 3 2
"869" 11172 1034.46997070313 754.856262207031 3 1 1 5 2
"870" 377 587.054016113281 337.829162597656 3 1 4 2 2
"871" 13911 908.635009765625 1067.16040039063 2 1 1 3 2
"872" 8726 482.527435302734 494.608581542969 2 1 1 5 2
"873" 7491 535.323608398438 782.133850097656 3 2 2 4 1
"874" 9685 1017.09002685547 396.828002929688 2 2 1 2 2
"875" 6256 638.181518554688 404.861419677734 3 1 4 2 2
"876" 9798 190.552001953125 124.04451751709 3 1 4 1 1
"877" 9425 1087.46997070313 590.21826171875 3 2 1 2 2
"878" 1092 383.082000732422 371.945983886719 3 2 4 1 1
"879" 6389 204.134994506836 152.179473876953 3 2 4 1 1
"880" 8327 176.052001953125 158.798614501953 2 1 4 1 1
"881" 4293 623.114990234375 573.528564453125 3 1 4 2 2
"882" 6318 949.186401367188 617.641845703125 3 1 1 4 3
"883" 3471 339.268981933594 406.264251708984 3 2 2 1 1
"884" 9033 938.97998046875 603.531372070313 3 1 1 5 2
"885" 10042 400.843994140625 687.794006347656 3 1 4 3 2
"886" 10652 172.875 210.159439086914 3 2 4 1 1
"887" 14156 319.559997558594 183.816711425781 1 2 4 4 4
"888" 2842 392.329986572266 372.085998535156 3 2 4 1 1
"889" 775 313.450012207031 221.875610351563 1 2 1 2 1
"890" 5265 222.739501953125 102.154930114746 1 1 4 1 1
"891" 18 215.380004882813 155.615005493164 2 2 3 3 1
"892" 710 1111.09997558594 569.149475097656 3 1 1 4 2
"893" 8055 573.283996582031 247.015075683594 1 1 4 2 2
"894" 7755 575.570007324219 466.963836669922 3 1 1 3 2
"895" 2432 277.700012207031 506.304992675781 2 2 2 2 1
"896" 794 310.779998779297 279.009826660156 1 2 2 3 2
"897" 10283 304.361999511719 700.555908203125 3 1 4 2 2
"898" 907 1025.31750488281 801.768981933594 3 2 4 1 1
"899" 2118 1131.90197753906 503.11279296875 3 1 1 2 2
"900" 4741 1079.67004394531 537.053649902344 3 2 1 2 2
"901" 649 725.330017089844 999.233154296875 3 2 1 3 3
"902" 7942 603.159973144531 393.568878173828 2 1 3 3 2
"903" 10564 813.179992675781 825.26220703125 3 1 1 3 2
"904" 13632 207.824996948242 445.495910644531 3 2 4 1 1
"905" 13006 433.404998779297 666.301635742188 3 1 4 2 2
"906" 5075 185.029998779297 256.180694580078 3 2 4 2 1
"907" 11057 429.089996337891 311.984985351563 1 1 1 5 2
"908" 1242 433 240.649230957031 3 2 4 2 2
"909" 4811 199 120.159233093262 1 2 2 1 1
"910" 3591 681.143981933594 427.017303466797 3 1 4 2 2
"911" 6211 603.239990234375 1036.72387695313 3 2 1 2 2
"912" 10367 227.949996948242 234.070663452148 2 2 4 2 1
"913" 10807 511.420013427734 358.037902832031 2 1 1 2 2
"914" 7632 463.570007324219 529.162353515625 1 1 2 5 2
"915" 54 181.029998779297 120.660003662109 1 2 4 2 1
"916" 897 367.162506103516 302.216369628906 3 2 3 1 1
"917" 14093 318.861999511719 182.107482910156 3 1 4 1 1
"918" 2395 782.059997558594 504.46337890625 3 1 1 3 2
"919" 5799 782.505004882813 496.565856933594 3 1 1 2 2
"920" 8658 523.090026855469 425.240051269531 3 1 1 4 2
"921" 345 135.899993896484 237.324996948242 3 2 4 1 1
"922" 1543 241.511993408203 191.6806640625 3 2 4 1 1
"923" 4812 224.042007446289 438.358489990234 1 2 4 1 1
"924" 1087 720.960021972656 672.315551757813 3 1 4 2 2
"925" 9580 824.780029296875 521.4609375 3 1 1 4 4
"926" 7974 294.963989257813 344.741760253906 1 1 4 2 2
"927" 14808 684.409973144531 254.824417114258 3 1 2 5 4
"928" 6702 193.699996948242 142.006927490234 1 2 3 3 1
"929" 5512 348.25 280.692779541016 1 1 4 1 1
"930" 7459 497.269989013672 286.51171875 1 2 1 1 1
"931" 5184 305.445007324219 541.494689941406 3 2 4 1 1
"932" 1617 347.971984863281 113.079544067383 3 2 4 1 1
"933" 13904 633.619995117188 429.213958740234 1 1 1 3 3
"934" 4146 71 59.7285804748535 2 1 3 1 1
"935" 9720 296.380004882813 339.954986572266 2 1 2 5 2
"936" 10097 909.330017089844 548.024963378906 3 1 1 2 2
"937" 1805 501 268.570373535156 3 1 1 1 1
"938" 2891 926.919982910156 408.962066650391 3 1 1 3 2
"939" 900 542.650024414063 190.394287109375 3 1 1 2 2
"940" 994 508.873992919922 577.066833496094 3 1 4 2 2
"941" 3357 1161.90002441406 746.041625976563 3 1 4 2 2
"942" 10238 452.843994140625 316.493072509766 3 1 4 2 2
"943" 13666 300.954986572266 299.437408447266 3 2 2 2 1
"944" 8371 592.039978027344 541.862487792969 3 1 1 4 2
"945" 3877 177.481994628906 109.389999389648 1 2 4 1 1
"946" 8509 456.109985351563 566.197509765625 3 1 1 1 1
"947" 6999 219.889999389648 295.494720458984 3 2 2 1 1
"948" 486 243.651992797852 245.049011230469 3 1 4 1 1
"949" 469 103.595001220703 299.316833496094 3 1 3 2 2
"950" 5764 464.799987792969 580.876708984375 3 1 1 3 3
"951" 6362 184.759994506836 155.300445556641 2 1 1 1 1
"952" 2314 571.864990234375 383.156127929688 1 2 2 3 3
"953" 8491 341.049987792969 222.613922119141 3 1 4 2 2
"954" 10839 779.661987304688 483.689910888672 3 1 4 2 2
"955" 14724 890.760009765625 522.493591308594 3 1 1 3 3
"956" 7453 522.6240234375 632.883850097656 3 1 4 2 2
"957" 10726 200.300003051758 320.899841308594 1 1 2 3 2
"958" 14109 395.454010009766 800.430297851563 3 1 4 2 2
"959" 8235 242.809997558594 493.605102539063 2 1 2 2 1
"960" 3613 317.380004882813 467.329376220703 2 2 4 5 3
"961" 9090 536.539978027344 415.916717529297 1 1 4 2 2
"962" 2617 340.100006103516 284.999267578125 1 2 1 3 2
"963" 5267 747.414978027344 462.055725097656 3 1 4 2 2
"964" 3273 321.164001464844 298.260009765625 3 1 4 2 2
"965" 3674 385.773986816406 246.562347412109 1 2 4 2 2
"966" 9918 418.592010498047 323.679809570313 3 2 4 1 1
"967" 2248 489.267486572266 427.690185546875 3 1 4 2 2
"968" 14604 150.042007446289 157.631057739258 1 2 4 1 1
"969" 2352 837.450012207031 531.33935546875 3 2 2 2 2
"970" 2152 316.532012939453 153.512512207031 3 2 4 1 1
"971" 10978 101 172.464645385742 1 1 4 1 1
"972" 6102 272.243988037109 331.301300048828 3 1 4 2 2
"973" 6375 927.984008789063 519.246337890625 3 2 4 2 2
"974" 13038 529.609985351563 625.881286621094 2 2 1 2 2
"975" 4945 110.671997070313 180.441543579102 1 1 4 1 1
"976" 6944 190.242004394531 149.152572631836 1 1 4 1 1
"977" 4262 362.824005126953 490.682189941406 3 2 4 2 2
"978" 2863 251.580001831055 538.957153320313 3 1 1 4 2
"979" 7846 373.433990478516 297.553833007813 3 2 4 3 3
"980" 4041 280.153991699219 337.277374267578 3 1 4 2 2
"981" 1223 235.300003051758 593.505004882813 2 2 2 2 2
"982" 2198 165.677001953125 93.6170349121094 3 1 4 1 1
"983" 14418 470.204986572266 198.234344482422 3 1 4 1 1
"984" 11815 310.850006103516 931.146850585938 3 1 4 2 2
"985" 12885 290.617004394531 222.503143310547 3 2 4 1 1
"986" 4602 681.966979980469 183.445571899414 3 1 1 2 2
"987" 9933 599.447509765625 301.372680664063 3 2 4 1 1
"988" 11221 498.272003173828 270.342681884766 3 1 4 2 2
"989" 3416 271.75 293.041595458984 2 2 2 2 1
"990" 3335 487.929992675781 313.379913330078 3 1 1 5 2
"991" 2474 793.515014648438 630.545776367188 3 1 1 3 3
"992" 12863 704.693969726563 306.148254394531 3 1 4 2 2
"993" 4796 202.47200012207 124.07447052002 2 1 3 1 1
"994" 2415 481.660003662109 304.197265625 2 1 1 1 1
"995" 13555 1074.33996582031 500.263153076172 3 2 1 1 1
"996" 11622 772.190002441406 510.476379394531 3 2 2 3 2
"997" 9898 1051.70495605469 439.898803710938 3 2 1 2 2
"998" 3667 293.010009765625 320.160095214844 3 1 4 3 1
"999" 7463 71.620002746582 69.3785705566406 1 1 3 1 1
"1000" 8583 1143.41003417969 516.743591308594 3 1 1 4 2
"1001" 9241 430.592010498047 276.611633300781 3 1 4 1 1
"1002" 207 343.279998779297 514.127990722656 3 2 2 2 1
"1003" 3560 925.400024414063 1019.46240234375 3 2 4 3 2
"1004" 7544 245.391998291016 230.747253417969 1 1 4 1 1
"1005" 14885 189.492004394531 299.184143066406 1 2 4 2 1
"1006" 12159 386.731994628906 286.092224121094 3 1 1 2 2
"1007" 13869 354.022003173828 169.218963623047 3 2 4 3 3
"1008" 7111 840.341979980469 333.105194091797 3 2 4 1 1
"1009" 4752 229.264495849609 284.114990234375 1 2 3 3 2
"1010" 13170 806.450012207031 631.771118164063 3 2 1 4 2
"1011" 12095 121 359.515014648438 1 1 4 2 1
"1012" 5417 669.140014648438 274.195617675781 3 1 1 2 2
"1013" 3545 509.279998779297 98.9295120239258 3 1 1 1 1
"1014" 11671 306.059997558594 164.783950805664 3 1 1 1 1
"1015" 1519 361.366485595703 321.348937988281 3 1 4 2 2
"1016" 13732 599.619995117188 424.511566162109 3 1 1 3 2
"1017" 6183 778.159973144531 347.813720703125 3 2 1 2 2
"1018" 13607 1015.86499023438 360.589019775391 3 2 4 4 4
"1019" 3187 172.962005615234 32.1359825134277 1 2 4 1 1
"1020" 6737 237.156997680664 909.083251953125 2 2 4 1 1
"1021" 4469 179.042007446289 403.264434814453 1 2 4 1 1
"1022" 14371 197.089996337891 201.416213989258 1 2 2 1 1
"1023" 12668 204.240005493164 136.725006103516 1 1 4 1 1
"1024" 91 430.899993896484 157.570022583008 3 2 4 1 1
"1025" 5213 302.079986572266 308.756072998047 2 1 1 1 1
"1026" 1224 735.469970703125 466.668914794922 3 1 1 4 2
"1027" 5464 260.450012207031 254.255004882813 2 2 4 4 2
"1028" 10844 1119.14001464844 804.064270019531 3 2 1 3 3
"1029" 11950 310.959991455078 408.182495117188 3 2 1 1 1
"1030" 1070 164.349502563477 104.855926513672 3 2 4 1 1
"1031" 13189 621.257507324219 1072.15124511719 3 1 1 3 3
"1032" 6743 329.881988525391 443.493194580078 3 2 4 1 1
"1033" 4374 847.369995117188 911.593078613281 3 1 1 5 2
"1034" 3629 396.0419921875 357.856353759766 1 2 4 4 1
"1035" 14542 460.040008544922 415.746063232422 1 2 2 3 1
"1036" 10578 346.420013427734 213.2509765625 3 1 1 1 1
"1037" 2095 490.234008789063 130.942764282227 3 1 4 2 2
"1038" 4328 469.059997558594 390.714996337891 2 2 1 3 2
"1039" 7239 604.419982910156 566.06494140625 3 2 1 3 2
"1040" 5708 116.625 735.211730957031 3 2 1 2 2
"1041" 9772 743.736999511719 543.904235839844 3 2 4 2 2
"1042" 6379 492.320007324219 279.703887939453 3 2 1 1 1
"1043" 7563 464.649993896484 457.599090576172 3 2 2 2 2
"1044" 14803 473.813995361328 433.620147705078 3 2 4 2 2
"1045" 13530 691.056945800781 315.596740722656 3 2 1 3 3
"1046" 1551 886.909973144531 489.518951416016 3 2 1 2 2
"1047" 3696 152.020004272461 95.2649993896484 1 1 4 1 1
"1048" 6025 643.840026855469 465.238098144531 2 2 1 3 2
"1049" 9121 336.630004882813 441.940673828125 2 2 2 2 1
"1050" 14078 824.349975585938 418.034912109375 2 1 1 2 2
"1051" 8656 530.02001953125 482.720977783203 2 2 1 2 2
"1052" 5042 586.380004882813 153.883941650391 3 1 1 2 2
"1053" 8037 495.890014648438 285.953399658203 3 1 1 2 2
"1054" 7280 532.267517089844 299.196105957031 3 1 4 1 1
"1055" 6097 271.890014648438 485.225006103516 1 2 2 5 2
"1056" 9610 628.859985351563 844.109985351563 2 1 1 4 2
"1057" 9805 633.030029296875 528.311828613281 3 1 1 3 2
"1058" 8585 543.273986816406 934.486572265625 3 2 4 2 2
"1059" 2688 773.630004882813 337.793640136719 3 2 2 2 2
"1060" 777 96 75.2384872436523 2 1 2 1 1
"1061" 14458 978.780029296875 803.403686523438 2 1 1 3 1
"1062" 7687 244.813995361328 111.33683013916 3 1 4 2 2
"1063" 7808 409.350006103516 385.293762207031 3 1 4 1 1
"1064" 10648 464.911987304688 223.090469360352 3 1 2 2 2
"1065" 6024 416.700012207031 328.752288818359 3 1 4 1 1
"1066" 12120 525.094482421875 237.920883178711 3 1 2 2 2
"1067" 10067 384.662506103516 238.421905517578 3 1 4 1 1
"1068" 8037 473.619995117188 230.332489013672 3 2 1 2 2
"1069" 6790 156.779998779297 92.504997253418 2 2 2 1 1
"1070" 3322 563.723999023438 284.896789550781 3 1 4 2 2
"1071" 6456 220.442001342773 92.1050033569336 1 1 4 1 1
"1072" 10412 733.700012207031 438.408355712891 2 1 1 4 2
"1073" 682 980.75 815.683288574219 3 1 1 4 2
"1074" 12197 242.330001831055 192.828979492188 1 1 1 1 1
"1075" 722 865.909973144531 489.900482177734 1 1 1 2 2
"1076" 11024 906.75 616.902648925781 3 1 1 1 1
"1077" 11076 150.339996337891 155.059204101563 2 2 2 3 1
"1078" 8938 569.414978027344 1002.29284667969 3 1 4 2 2
"1079" 1635 620.014526367188 464.653747558594 3 2 4 1 1
"1080" 2260 717.869995117188 391.858062744141 3 2 1 3 1
"1081" 11372 679.361999511719 455.529998779297 2 1 2 2 2
"1082" 3028 403.760009765625 426.952209472656 3 2 4 2 2
"1083" 6682 374.820007324219 397.900756835938 3 1 1 3 1
"1084" 13605 1036.86999511719 954.034973144531 2 1 4 5 3
"1085" 15 782.039978027344 482.470825195313 2 2 1 2 2
"1086" 13136 726.169982910156 1036.87243652344 3 1 1 3 2
"1087" 6089 223.449996948242 89.5550003051758 1 2 4 3 1
"1088" 9908 774.77001953125 580.682861328125 3 2 2 4 3
"1089" 7612 489.829986572266 312.887359619141 3 2 4 2 2
"1090" 302 635.039978027344 492.679290771484 3 1 1 4 2
"1091" 4896 440.171997070313 259.583984375 3 1 4 2 2
"1092" 3220 465.149993896484 549.784973144531 2 2 2 3 3
"1093" 11496 453.519989013672 267.575744628906 3 1 4 1 1
"1094" 13009 859.547485351563 218.677963256836 3 1 2 1 1
"1095" 10241 374.549499511719 269.078125 1 2 4 1 1
"1096" 2698 844.890014648438 551.986511230469 1 2 1 4 4
"1097" 6360 541.830017089844 980.679748535156 3 1 1 4 2
"1098" 10274 196.522003173828 390.807556152344 2 2 4 1 1
"1099" 11931 1169.67004394531 687.532653808594 2 1 1 2 2
"1100" 2676 597.29248046875 150.57389831543 3 1 4 1 1
"1101" 12141 627.267517089844 478.960021972656 3 2 4 1 1
"1102" 12729 701.679992675781 365.460754394531 3 2 1 3 1
"1103" 2264 858.830017089844 421.895660400391 3 1 1 4 2
"1104" 14975 350.834014892578 202.425003051758 3 1 4 2 2
"1105" 1185 466.319488525391 221.756469726563 3 2 4 1 1
"1106" 11886 684.669982910156 434.755950927734 2 1 1 3 3
"1107" 14971 619.570007324219 361.930969238281 3 1 1 2 2
"1108" 9837 249.022506713867 283.244079589844 3 2 2 1 1
"1109" 12369 601.711975097656 492.46533203125 3 1 4 1 1
"1110" 3090 397.279998779297 307.149230957031 2 1 4 1 1
"1111" 12352 351.519500732422 700.469970703125 3 1 4 2 2
"1112" 6327 246.160003662109 124.660346984863 3 2 4 1 1
"1113" 3997 486.144989013672 433.912780761719 3 2 1 1 1
"1114" 3205 1171.19995117188 999.257080078125 3 1 4 2 2
"1115" 14385 118.041999816895 268.399993896484 1 2 4 1 1
"1116" 4287 461.890014648438 496.21142578125 2 1 1 3 2
"1117" 13158 514.169982910156 324.8076171875 2 1 1 1 1
"1118" 11676 342.223999023438 204.720184326172 3 1 4 2 2
"1119" 5299 0 311.945159912109 3 2 1 2 2
"1120" 4230 171.042007446289 112.410003662109 1 1 4 1 1
"1121" 3701 205.259994506836 220.371643066406 1 2 2 2 1
"1122" 4362 326.630004882813 453.353820800781 2 1 1 1 1
"1123" 7794 1032.24755859375 592.662780761719 3 2 1 3 3
"1124" 901 165.447006225586 135.802154541016 3 2 4 1 1
"1125" 12235 1037.501953125 995.2802734375 3 1 2 2 2
"1126" 9701 558.140014648438 403.887634277344 3 2 2 2 2
"1127" 8378 264.084014892578 267.563415527344 1 1 3 2 2
"1128" 2696 258.122009277344 79.0093307495117 3 2 4 1 1
"1129" 7697 149.389999389648 124.03596496582 2 2 4 1 1
"1130" 6615 3.84999990463257 244.203231811523 3 2 4 1 1
"1131" 9670 481.60400390625 885.549987792969 3 1 4 3 3
"1132" 259 144.229995727539 115.770210266113 3 1 1 1 1
"1133" 141 435 230.510665893555 1 2 1 1 1
"1134" 10051 557.119995117188 445.768981933594 3 2 1 2 2
"1135" 6807 293.984985351563 360.579162597656 2 2 2 2 2
"1136" 2520 481.619995117188 302.108428955078 3 2 1 1 1
"1137" 879 377.794494628906 221.417221069336 3 1 4 2 2
"1138" 3669 794.200012207031 249.958694458008 3 1 1 2 2
"1139" 8111 364.880004882813 448.469757080078 1 1 4 2 2
"1140" 11703 445.350006103516 359.884094238281 2 1 1 1 1
"1141" 7249 178 92.7900009155273 1 2 4 3 1
"1142" 1882 406.201995849609 367.634368896484 3 2 4 1 1
"1143" 13051 291.153991699219 289.977203369141 1 1 4 2 2
"1144" 12119 1166.64001464844 530.343688964844 3 1 1 5 2
"1145" 8021 880.510009765625 566.331970214844 3 2 1 2 2
"1146" 12108 1154.31005859375 588.746276855469 3 1 1 4 2
"1147" 2613 205.97200012207 206.514999389648 3 1 4 2 2
"1148" 13755 661.200012207031 463.054656982422 3 1 1 1 1
"1149" 10044 507.359985351563 370.040130615234 3 2 2 4 2
"1150" 3536 149 132.231018066406 2 2 3 2 1
"1151" 2357 544.552001953125 336.661834716797 3 1 4 2 2
"1152" 8073 218.264495849609 130.511779785156 3 2 4 1 1
"1153" 3451 171.932006835938 68.004997253418 3 2 4 1 1
"1154" 7374 638.5 500.057708740234 1 2 2 4 3
"1155" 5500 756.190002441406 647.478271484375 1 2 4 2 2
"1156" 9814 942.861267089844 911.665954589844 3 2 1 4 4
"1157" 1084 235.440002441406 99.0081329345703 3 1 1 1 1
"1158" 13521 1012.23248291016 336.433563232422 2 1 1 1 1
"1159" 5870 810.219970703125 696.891296386719 2 2 2 4 2
"1160" 12144 373.220001220703 269.468780517578 3 2 1 2 2
"1161" 8672 409.179992675781 373.947692871094 3 2 1 2 1
"1162" 8672 343.210754394531 705.169799804688 3 1 1 3 2
"1163" 6079 916.469970703125 255.532913208008 3 2 1 3 2
"1164" 13353 381.989990234375 293.545928955078 1 2 2 3 2
"1165" 1581 225.149993896484 110.190002441406 2 2 4 3 1
"1166" 12335 355.589996337891 340.233337402344 1 2 4 1 1
"1167" 13279 974.469970703125 586.399169921875 3 1 1 4 2
"1168" 8071 578.909973144531 488.677337646484 3 1 1 2 2
"1169" 917 405.679992675781 830.880004882813 3 1 4 2 2
"1170" 6930 985.359985351563 528.108154296875 3 2 1 2 2
"1171" 13087 145.845001220703 52.4550018310547 3 2 4 1 1
"1172" 10035 486.328979492188 475.133514404297 2 2 1 2 2
"1173" 2850 388.776000976563 252.345001220703 2 1 3 5 3
"1174" 14484 290.552001953125 249.894714355469 3 2 2 1 1
"1175" 5629 648.359985351563 617.376159667969 2 1 1 3 2
"1176" 10760 1039.00244140625 420.838592529297 3 1 1 2 2
"1177" 12821 1049.68994140625 770.276611328125 3 1 1 3 3
"1178" 8241 742.169982910156 247.390396118164 3 1 1 2 2
"1179" 3583 250.014999389648 197.736328125 3 1 4 1 1
"1180" 12407 151.425003051758 128.280731201172 1 2 4 2 1
"1181" 5087 287.641998291016 231.969421386719 3 2 4 1 1
"1182" 11449 200 114.982315063477 3 1 1 1 1
"1183" 7723 484.237487792969 373.179077148438 3 1 4 2 2
"1184" 9028 739.169982910156 458.053924560547 3 2 1 2 2
"1185" 11750 556.085021972656 472.808380126953 2 1 1 2 2
"1186" 12219 1039.21997070313 886.062194824219 3 1 1 3 3
"1187" 6290 1004.41906738281 564.082763671875 3 1 1 3 3
"1188" 12825 693.049987792969 345.725006103516 2 1 1 4 2
"1189" 12269 886.75 692.030700683594 3 2 1 2 2
"1190" 3363 976.97998046875 908.388488769531 2 2 1 4 2
"1191" 10226 910.525024414063 696.541748046875 3 1 1 4 2
"1192" 12922 208.509994506836 139.200607299805 3 1 4 2 2
"1193" 14629 964.549987792969 663.892517089844 3 1 1 3 2
"1194" 7773 454.649993896484 221.889739990234 3 1 2 2 2
"1195" 8514 487.391998291016 401.537780761719 3 1 4 4 2
"1196" 6651 508.712005615234 652.307312011719 3 2 4 1 1
"1197" 14716 369.410003662109 234.41520690918 3 2 2 1 1
"1198" 4626 825.844970703125 713.884094238281 2 1 1 2 2
"1199" 6261 1146.86999511719 743.63671875 3 2 1 4 3
"1200" 4179 603.190002441406 381.919250488281 3 1 1 2 2
